
p:0.0432 t1:4.70016 t2:45.4201
p:0.1232 t1:6.47376 t2:43.3418
p:0.0432 t1:4.68971 t2:44.9663
p:0.0432 t1:4.67702 t2:44.6134
